PopName    PopSizeSetBy    GivenPopSize    PopSizeUsedForPi     PiVectorElements....
Bonneville   Default   1000   1000  7.181e-07  1.083e-06  1.126e-06  3.327e-04  3.508e-04  6.118e-06  2.723e-03  2.797e-03  9.931e-01  0.000e+00  0.000e+00  0.000e+00  0.000e+00  2.333e-07  2.738e-08  4.200e-04  2.817e-04  1.126e-06  
Carson   Default   1000   1000  7.181e-07  1.083e-06  1.126e-06  3.327e-04  3.508e-04  6.118e-06  2.723e-03  2.797e-03  9.931e-01  0.000e+00  0.000e+00  0.000e+00  0.000e+00  2.333e-07  2.738e-08  4.200e-04  2.817e-04  1.126e-06  
Chief_Joseph_su/fa   Default   1000   1000  7.181e-07  1.083e-06  1.126e-06  3.327e-04  3.508e-04  6.118e-06  2.723e-03  2.797e-03  9.931e-01  0.000e+00  0.000e+00  0.000e+00  0.000e+00  2.333e-07  2.738e-08  4.200e-04  2.817e-04  1.126e-06  
Chief_Joseph_sp   Default   1000   1000  7.181e-07  1.083e-06  1.126e-06  3.327e-04  3.508e-04  6.118e-06  2.723e-03  2.797e-03  9.931e-01  0.000e+00  0.000e+00  0.000e+00  0.000e+00  2.333e-07  2.738e-08  4.200e-04  2.817e-04  1.126e-06  
Cle_Elum   Default   1000   1000  7.181e-07  1.083e-06  1.126e-06  3.327e-04  3.508e-04  6.118e-06  2.723e-03  2.797e-03  9.931e-01  0.000e+00  0.000e+00  0.000e+00  0.000e+00  2.333e-07  2.738e-08  4.200e-04  2.817e-04  1.126e-06  
Clearwater   Default   1000   1000  7.181e-07  1.083e-06  1.126e-06  3.327e-04  3.508e-04  6.118e-06  2.723e-03  2.797e-03  9.931e-01  0.000e+00  0.000e+00  0.000e+00  0.000e+00  2.333e-07  2.738e-08  4.200e-04  2.817e-04  1.126e-06  
Cowlitz   Default   1000   1000  7.181e-07  1.083e-06  1.126e-06  3.327e-04  3.508e-04  6.118e-06  2.723e-03  2.797e-03  9.931e-01  0.000e+00  0.000e+00  0.000e+00  0.000e+00  2.333e-07  2.738e-08  4.200e-04  2.817e-04  1.126e-06  
Dworshak   Default   1000   1000  7.181e-07  1.083e-06  1.126e-06  3.327e-04  3.508e-04  6.118e-06  2.723e-03  2.797e-03  9.931e-01  0.000e+00  0.000e+00  0.000e+00  0.000e+00  2.333e-07  2.738e-08  4.200e-04  2.817e-04  1.126e-06  
Eastbank_sp   Default   1000   1000  7.181e-07  1.083e-06  1.126e-06  3.327e-04  3.508e-04  6.118e-06  2.723e-03  2.797e-03  9.931e-01  0.000e+00  0.000e+00  0.000e+00  0.000e+00  2.333e-07  2.738e-08  4.200e-04  2.817e-04  1.126e-06  
Entiat   Default   1000   1000  7.181e-07  1.083e-06  1.126e-06  3.327e-04  3.508e-04  6.118e-06  2.723e-03  2.797e-03  9.931e-01  0.000e+00  0.000e+00  0.000e+00  0.000e+00  2.333e-07  2.738e-08  4.200e-04  2.817e-04  1.126e-06  
Kalama_Falls_su/fa   Default   1000   1000  7.181e-07  1.083e-06  1.126e-06  3.327e-04  3.508e-04  6.118e-06  2.723e-03  2.797e-03  9.931e-01  0.000e+00  0.000e+00  0.000e+00  0.000e+00  2.333e-07  2.738e-08  4.200e-04  2.817e-04  1.126e-06  
Kalama_Falls_sp   Default   1000   1000  7.181e-07  1.083e-06  1.126e-06  3.327e-04  3.508e-04  6.118e-06  2.723e-03  2.797e-03  9.931e-01  0.000e+00  0.000e+00  0.000e+00  0.000e+00  2.333e-07  2.738e-08  4.200e-04  2.817e-04  1.126e-06  
Klickitat   Default   1000   1000  7.181e-07  1.083e-06  1.126e-06  3.327e-04  3.508e-04  6.118e-06  2.723e-03  2.797e-03  9.931e-01  0.000e+00  0.000e+00  0.000e+00  0.000e+00  2.333e-07  2.738e-08  4.200e-04  2.817e-04  1.126e-06  
Leavenworth   Default   1000   1000  7.181e-07  1.083e-06  1.126e-06  3.327e-04  3.508e-04  6.118e-06  2.723e-03  2.797e-03  9.931e-01  0.000e+00  0.000e+00  0.000e+00  0.000e+00  2.333e-07  2.738e-08  4.200e-04  2.817e-04  1.126e-06  
Little_White_Salmon_fa   Default   1000   1000  7.181e-07  1.083e-06  1.126e-06  3.327e-04  3.508e-04  6.118e-06  2.723e-03  2.797e-03  9.931e-01  0.000e+00  0.000e+00  0.000e+00  0.000e+00  2.333e-07  2.738e-08  4.200e-04  2.817e-04  1.126e-06  
Little_White_Salmon_sp   Default   1000   1000  7.181e-07  1.083e-06  1.126e-06  3.327e-04  3.508e-04  6.118e-06  2.723e-03  2.797e-03  9.931e-01  0.000e+00  0.000e+00  0.000e+00  0.000e+00  2.333e-07  2.738e-08  4.200e-04  2.817e-04  1.126e-06  
Lookingglass   Default   1000   1000  7.181e-07  1.083e-06  1.126e-06  3.327e-04  3.508e-04  6.118e-06  2.723e-03  2.797e-03  9.931e-01  0.000e+00  0.000e+00  0.000e+00  0.000e+00  2.333e-07  2.738e-08  4.200e-04  2.817e-04  1.126e-06  
Lyons_Ferry_sp   Default   1000   1000  7.181e-07  1.083e-06  1.126e-06  3.327e-04  3.508e-04  6.118e-06  2.723e-03  2.797e-03  9.931e-01  0.000e+00  0.000e+00  0.000e+00  0.000e+00  2.333e-07  2.738e-08  4.200e-04  2.817e-04  1.126e-06  
Lyons_Ferry_fa   Default   1000   1000  7.181e-07  1.083e-06  1.126e-06  3.327e-04  3.508e-04  6.118e-06  2.723e-03  2.797e-03  9.931e-01  0.000e+00  0.000e+00  0.000e+00  0.000e+00  2.333e-07  2.738e-08  4.200e-04  2.817e-04  1.126e-06  
McCall   Default   1000   1000  7.181e-07  1.083e-06  1.126e-06  3.327e-04  3.508e-04  6.118e-06  2.723e-03  2.797e-03  9.931e-01  0.000e+00  0.000e+00  0.000e+00  0.000e+00  2.333e-07  2.738e-08  4.200e-04  2.817e-04  1.126e-06  
McKenzie   Default   1000   1000  7.181e-07  1.083e-06  1.126e-06  3.327e-04  3.508e-04  6.118e-06  2.723e-03  2.797e-03  9.931e-01  0.000e+00  0.000e+00  0.000e+00  0.000e+00  2.333e-07  2.738e-08  4.200e-04  2.817e-04  1.126e-06  
Methow   Default   1000   1000  7.181e-07  1.083e-06  1.126e-06  3.327e-04  3.508e-04  6.118e-06  2.723e-03  2.797e-03  9.931e-01  0.000e+00  0.000e+00  0.000e+00  0.000e+00  2.333e-07  2.738e-08  4.200e-04  2.817e-04  1.126e-06  
Minto   Default   1000   1000  7.181e-07  1.083e-06  1.126e-06  3.327e-04  3.508e-04  6.118e-06  2.723e-03  2.797e-03  9.931e-01  0.000e+00  0.000e+00  0.000e+00  0.000e+00  2.333e-07  2.738e-08  4.200e-04  2.817e-04  1.126e-06  
Nez_Perce_Tribal_sp   Default   1000   1000  7.181e-07  1.083e-06  1.126e-06  3.327e-04  3.508e-04  6.118e-06  2.723e-03  2.797e-03  9.931e-01  0.000e+00  0.000e+00  0.000e+00  0.000e+00  2.333e-07  2.738e-08  4.200e-04  2.817e-04  1.126e-06  
Nez_Perce_Tribal_fa   Default   1000   1000  7.181e-07  1.083e-06  1.126e-06  3.327e-04  3.508e-04  6.118e-06  2.723e-03  2.797e-03  9.931e-01  0.000e+00  0.000e+00  0.000e+00  0.000e+00  2.333e-07  2.738e-08  4.200e-04  2.817e-04  1.126e-06  
North_Toutle   Default   1000   1000  7.181e-07  1.083e-06  1.126e-06  3.327e-04  3.508e-04  6.118e-06  2.723e-03  2.797e-03  9.931e-01  0.000e+00  0.000e+00  0.000e+00  0.000e+00  2.333e-07  2.738e-08  4.200e-04  2.817e-04  1.126e-06  
Pahsimeroi   Default   1000   1000  7.181e-07  1.083e-06  1.126e-06  3.327e-04  3.508e-04  6.118e-06  2.723e-03  2.797e-03  9.931e-01  0.000e+00  0.000e+00  0.000e+00  0.000e+00  2.333e-07  2.738e-08  4.200e-04  2.817e-04  1.126e-06  
Parkdale   Default   1000   1000  7.181e-07  1.083e-06  1.126e-06  3.327e-04  3.508e-04  6.118e-06  2.723e-03  2.797e-03  9.931e-01  0.000e+00  0.000e+00  0.000e+00  0.000e+00  2.333e-07  2.738e-08  4.200e-04  2.817e-04  1.126e-06  
Powell_Satellite   Default   1000   1000  7.181e-07  1.083e-06  1.126e-06  3.327e-04  3.508e-04  6.118e-06  2.723e-03  2.797e-03  9.931e-01  0.000e+00  0.000e+00  0.000e+00  0.000e+00  2.333e-07  2.738e-08  4.200e-04  2.817e-04  1.126e-06  
Priest_Rapids   Default   1000   1000  7.181e-07  1.083e-06  1.126e-06  3.327e-04  3.508e-04  6.118e-06  2.723e-03  2.797e-03  9.931e-01  0.000e+00  0.000e+00  0.000e+00  0.000e+00  2.333e-07  2.738e-08  4.200e-04  2.817e-04  1.126e-06  
Prosser   Default   1000   1000  7.181e-07  1.083e-06  1.126e-06  3.327e-04  3.508e-04  6.118e-06  2.723e-03  2.797e-03  9.931e-01  0.000e+00  0.000e+00  0.000e+00  0.000e+00  2.333e-07  2.738e-08  4.200e-04  2.817e-04  1.126e-06  
Rapid_River   Default   1000   1000  7.181e-07  1.083e-06  1.126e-06  3.327e-04  3.508e-04  6.118e-06  2.723e-03  2.797e-03  9.931e-01  0.000e+00  0.000e+00  0.000e+00  0.000e+00  2.333e-07  2.738e-08  4.200e-04  2.817e-04  1.126e-06  
Ringold_Springs   Default   1000   1000  7.181e-07  1.083e-06  1.126e-06  3.327e-04  3.508e-04  6.118e-06  2.723e-03  2.797e-03  9.931e-01  0.000e+00  0.000e+00  0.000e+00  0.000e+00  2.333e-07  2.738e-08  4.200e-04  2.817e-04  1.126e-06  
Round_Butte   Default   1000   1000  7.181e-07  1.083e-06  1.126e-06  3.327e-04  3.508e-04  6.118e-06  2.723e-03  2.797e-03  9.931e-01  0.000e+00  0.000e+00  0.000e+00  0.000e+00  2.333e-07  2.738e-08  4.200e-04  2.817e-04  1.126e-06  
Sawtooth   Default   1000   1000  7.181e-07  1.083e-06  1.126e-06  3.327e-04  3.508e-04  6.118e-06  2.723e-03  2.797e-03  9.931e-01  0.000e+00  0.000e+00  0.000e+00  0.000e+00  2.333e-07  2.738e-08  4.200e-04  2.817e-04  1.126e-06  
SF_Walla_Walla   Default   1000   1000  7.181e-07  1.083e-06  1.126e-06  3.327e-04  3.508e-04  6.118e-06  2.723e-03  2.797e-03  9.931e-01  0.000e+00  0.000e+00  0.000e+00  0.000e+00  2.333e-07  2.738e-08  4.200e-04  2.817e-04  1.126e-06  
S_Santiam   Default   1000   1000  7.181e-07  1.083e-06  1.126e-06  3.327e-04  3.508e-04  6.118e-06  2.723e-03  2.797e-03  9.931e-01  0.000e+00  0.000e+00  0.000e+00  0.000e+00  2.333e-07  2.738e-08  4.200e-04  2.817e-04  1.126e-06  
Speelyai   Default   1000   1000  7.181e-07  1.083e-06  1.126e-06  3.327e-04  3.508e-04  6.118e-06  2.723e-03  2.797e-03  9.931e-01  0.000e+00  0.000e+00  0.000e+00  0.000e+00  2.333e-07  2.738e-08  4.200e-04  2.817e-04  1.126e-06  
Spring_Creek   Default   1000   1000  7.181e-07  1.083e-06  1.126e-06  3.327e-04  3.508e-04  6.118e-06  2.723e-03  2.797e-03  9.931e-01  0.000e+00  0.000e+00  0.000e+00  0.000e+00  2.333e-07  2.738e-08  4.200e-04  2.817e-04  1.126e-06  
Three_Mile_Dam   Default   1000   1000  7.181e-07  1.083e-06  1.126e-06  3.327e-04  3.508e-04  6.118e-06  2.723e-03  2.797e-03  9.931e-01  0.000e+00  0.000e+00  0.000e+00  0.000e+00  2.333e-07  2.738e-08  4.200e-04  2.817e-04  1.126e-06  
Warm_Springs   Default   1000   1000  7.181e-07  1.083e-06  1.126e-06  3.327e-04  3.508e-04  6.118e-06  2.723e-03  2.797e-03  9.931e-01  0.000e+00  0.000e+00  0.000e+00  0.000e+00  2.333e-07  2.738e-08  4.200e-04  2.817e-04  1.126e-06  
Washougal   Default   1000   1000  7.181e-07  1.083e-06  1.126e-06  3.327e-04  3.508e-04  6.118e-06  2.723e-03  2.797e-03  9.931e-01  0.000e+00  0.000e+00  0.000e+00  0.000e+00  2.333e-07  2.738e-08  4.200e-04  2.817e-04  1.126e-06  
Wells   Default   1000   1000  7.181e-07  1.083e-06  1.126e-06  3.327e-04  3.508e-04  6.118e-06  2.723e-03  2.797e-03  9.931e-01  0.000e+00  0.000e+00  0.000e+00  0.000e+00  2.333e-07  2.738e-08  4.200e-04  2.817e-04  1.126e-06  
Winthrop   Default   1000   1000  7.181e-07  1.083e-06  1.126e-06  3.327e-04  3.508e-04  6.118e-06  2.723e-03  2.797e-03  9.931e-01  0.000e+00  0.000e+00  0.000e+00  0.000e+00  2.333e-07  2.738e-08  4.200e-04  2.817e-04  1.126e-06  
